CREATE TABLE Voucher (
    acc int,
	datee int,
	timee int,
	vin int,
	vout int
);


INSERT INTO Voucher(acc,datee,timee,vin,vout)
values
(999,14030101,20,50,0),
(999,14030101,10,0,10),
(999,14030101,14,50,0),
(999,14030101,11,0,34),
(999,14030101,16,50,0),
(999,14030102,21,20,0),
(999,14030102,20,0,40),
(999,14030102,3,60,0),
(999,14030102,18,50,0),
(999,14030103,14,0,10),
(999,14030103,10,90,0),
(999,14030105,4,80,0),
(999,14030105,7,0,30),
(999,14030104,7,0,4),
(999,14030104,23,0,10),
(999,14030104,10,46,0),
(999,14030106,6,0,30),
(999,14030106,8,0,60),
(999,14030106,9,100,0),
(999,14030107,4,0,26),
(999,14030107,5,40,0),
(999,14030107,11,23,0),
(999,14030108,4,100,0),
(999,14030108,16,0,100),
(999,14030108,20,5,0),
(999,14030109,5,50,0),
(999,14030109,12,23,0),
(999,14030109,18,68,0),
(999,14030110,4,10,0),
(999,14030110,8,0,46),
(999,14030110,12,36,0),
(999,14030111,7,21,0),
(999,14030111,10,27,0),
(999,14030111,13,0,40),
(999,14030112,2,36,0),
(999,14030112,5,0,20),
(999,14030112,9,0,100),
(999,14030113,7,0,10),
(999,14030113,12,20,0),
(999,14030113,17,0,30),
(999,14030114,7,36,0),
(999,14030114,9,0,1),
(999,14030114,11,36,0),
(999,14030115,5,23,0),
(999,14030115,12,0,45),
(999,14030115,14,26,0),
(999,14030116,6,30,0),
(999,14030116,8,250,0),
(999,14030116,10,0,150),
(999,14030117,9,25,0),
(999,14030117,12,16,0),
(999,14030117,15,6,0),
(999,14030118,8,16,0),
(999,14030118,11,19,0),
(999,14030118,13,0,30),
(999,14030119,7,36,0),
(999,14030119,9,36,0),
(999,14030119,11,36,0),
(999,14030120,6,54,0),
(999,14030120,9,51,0),
(999,14030120,20,0,120),
(999,14030121,2,0,12),
(999,14030121,7,100,0),
(999,14030121,15,50,0),
(999,14030122,2,0,120),
(999,14030122,8,10,0),
(999,14030122,20,20,0),
(999,14030123,3,100,0),
(999,14030123,8,0,90),
(999,14030123,12,12,0),
(999,14030124,4,40,0),
(999,14030124,9,20,0),
(999,14030124,14,0,30),
(999,14030125,5,100,0),
(999,14030125,8,0,80),
(999,14030125,13,30,0),
(999,14030126,5,20,0),
(999,14030126,6,30,0),
(999,14030126,7,0,40),
(999,14030127,5,43,0),
(999,14030127,8,29,0),
(999,14030127,10,0,31),
(999,14030128,2,0,120),
(999,14030128,10,40,0),
(999,14030128,19,32,0),
(999,14030129,12,30,0),
(999,14030129,14,0,14),
(999,14030129,17,50,0),
(999,14030130,2,0,90),
(999,14030130,4,60,0),
(999,14030130,6,50,0),
(999,14030131,3,0,10),
(999,14030131,5,0,20),
(999,14030131,7,56,0),
(999,14030201,3,10,0),
(999,14030201,5,32,0),
(999,14030201,9,0,47),
(999,14030202,4,0,30),
(999,14030202,6,0,40),
(999,14030202,10,49,0),
(999,14030203,9,13,0),
(999,14030203,12,0,10),
(999,14030203,14,10,0),
(999,14030204,3,10,0),
(999,14030204,4,10,0),
(999,14030204,6,10,0),
(999,14030205,2,0,10),
(999,14030205,5,0,10),
(999,14030205,8,10,0),
(999,14030206,5,0,50),
(999,14030206,15,50,0),
(999,14030206,17,0,50),
(999,14030207,1,15,0),
(999,14030207,5,45,0),
(999,14030207,11,0,30),
(999,14030208,4,0,90),
(999,14030208,7,70,0),
(999,14030208,11,12,0),
(999,14030209,3,19,0),
(999,14030209,10,0,32),
(999,14030209,22,100,0),
(999,14030210,3,10,0),
(999,14030210,4,20,0),
(999,14030210,5,30,0),
(999,14030211,5,0,10),
(999,14030211,9,0,10),
(999,14030211,12,34,0),
(999,14030212,5,78,0),
(999,14030212,8,30,0),
(999,14030212,11,0,10),
(999,14030213,5,30,0),
(999,14030213,10,40,0),
(999,14030213,21,0,40),
(999,14030214,5,0,50),
(999,14030214,15,0,30),
(999,14030214,16,10,0),
(999,14030215,3,12,0),
(999,14030215,13,94,0),
(999,14030216,5,90,0),
(999,14030216,6,70,0),
(999,14030217,12,0,50),
(999,14030217,13,30,0),
(999,14030217,15,48,0),
(999,14030218,4,0,10),
(999,14030218,9,34,0),
(999,14030219,6,0,80),
(999,14030219,18,10,0),
(999,14030220,5,10,0),
(999,14030220,5,20,0),
(999,14030221,6,0,60),
(999,14030221,7,100,0),
(999,14030222,5,40,0),
(999,14030222,15,0,67),
(999,14030223,5,0,10),
(999,14030223,13,20,0),
(999,14030224,6,20,0),
(999,14030224,16,0,16),
(999,14030225,3,10,0),
(999,14030225,14,37,0),
(999,14030226,3,20,0),
(999,14030226,5,0,60),
(999,14030226,4,34,0),
(999,14030226,2,30,0),
(999,14030227,5,30,0),
(999,14030227,4,30,0),
(999,14030227,12,0,50),
(999,14030227,13,0,50),
(999,14030227,14,0,50),
(999,14030227,20,0,50),
(999,14030227,11,0,50),
(999,14030228,2,0,50),
(999,14030228,12,0,50),
(999,14030229,14,0,50),
(999,14030229,16,19,0),
(999,14030229,11,48,0),
(999,14030230,12,100,0),
(999,14030231,22,0,50),
(999,14030227,7,90,0),
(999,14030227,16,56,0),
(999,14030227,14,23,0),
(999,14030228,13,78,50),
(999,14030228,14,10,0),
(999,14030301,2,39,0),
(999,14030301,3,20,0),
(999,14030301,14,0,14),
(999,14030302,16,50,0),
(999,14030302,13,0,10),
(999,14030302,3,0,50),
(999,14030303,9,0,40),
(999,14030303,1,0,20),
(999,14030303,4,98,0),
(999,14030304,17,0,25),
(999,14030304,18,0,50),
(999,14030304,19,99,0),
(999,14030305,17,0,25),
(999,14030305,14,88,0),
(999,14030305,10,74,0),
(999,14030306,4,60,0),
(999,14030306,7,63,0),
(999,14030306,23,0,48),
(999,14030307,8,21,0),
(999,14030307,9,12,0),
(999,14030307,10,0,31),
(999,14030308,11,0,21),
(999,14030308,18,0,21),
(999,14030308,12,37,0),
(999,14030309,14,0,26),
(999,14030309,15,46,0),
(999,14030309,16,0,17),
(999,14030310,17,71,0),
(999,14030310,17,71,0),
(999,14030310,18,0,53),(999,14030311,19,0,3),(999,14030311,20,0,18),(999,14030311,20,16,0),(999,14030312,21,0,91),(999,14030312,22,54,0),(999,14030312,23,0,73),(999,14030313,24,0,23),(999,14030313,1,0,20),(999,14030313,2,0,28),(999,14030314,3,64,0),(999,14030314,4,36,0),(999,14030314,5,3,0),(999,14030314,6,0,47),(999,14030314,6,0,27),(999,14030315,7,0,71),(999,14030315,8,68,0),(999,14030315,9,18,0),(999,14030315,10,0,34),(999,14030316,9,18,0),(999,14030316,10,0,57),(999,14030316,11,0,12),(999,14030317,11,25,0),(999,14030317,12,0,26),(999,14030317,13,26,0),(999,14030317,15,25,0),(999,14030318,14,85,0),(999,14030318,16,0,66),(999,14030318,17,0,46),(999,14030319,18,23,0),(999,14030319,19,0,31),(999,14030319,13,0,71),(999,14030320,20,51,0),(999,14030320,21,34,0),(999,14030320,22,0,32),(999,14030321,23,31,0),(999,14030321,24,0,88),(999,14030321,1,57,0),(999,14030321,2,21,0),(999,14030322,3,0,68),(999,14030322,4,0,6),(999,14030322,5,0,38),(999,14030323,6,24,0),(999,14030323,7,36,0),(999,14030323,8,75,0),(999,14030324,9,90,0),(999,14030324,10,0,65),(999,14030324,11,0,45),(999,14030325,11,81,0),(999,14030325,12,41,0),(999,14030325,13,31,0),(999,14030325,13,31,0),(999,14030325,12,0,52),(999,14030326,13,61,0),(999,14030326,14,0,58),(999,14030326,15,0,50),(999,14030327,16,47,0),(999,14030327,16,45,0),(999,14030327,18,0,81),(999,14030328,18,0,51),(999,14030328,19,0,82),(999,14030328,20,72,0),(999,14030329,21,59,0),(999,14030328,19,0,46),(999,14030329,22,66,0),(999,14030329,23,88,0),(999,14030329,24,0,42),(999,14030330,1,46,0),(999,14030330,2,0,74),(999,14030330,3,71,0),(999,14030330,7,44,0),(999,14030401,5,0,94),(999,14030401,6,0,36),(999,14030401,7,78,0),(999,14030402,8,58,0),(999,14030402,9,0,68),(999,14030402,10,33,0),(999,14030403,11,69,0),(999,14030403,12,78,0),(999,14030403,13,0,69),(999,14030404,14,0,54),(999,14030404,15,0,82),(999,14030404,16,79,0),(999,14030405,17,88,0),(999,14030405,18,95,0),(999,14030405,20,0,73),(999,14030405,21,0,23),(999,14030406,22,0,63),(999,14030406,23,58,0),(999,14030406,24,45,0),(999,14030407,1,0,71),(999,14030407,2,0,59),(999,14030407,4,0,58),(999,14030408,3,33,0),(999,14030408,6,83,0),(999,14030408,7,49,0),(999,14030408,9,72,0),(999,14030408,9,73,0),(999,14030409,10,0,57),(999,14030409,11,0,87),(999,14030409,12,0,59),(999,14030409,11,0,66),(999,14030410,16,0,42),(999,14030410,17,0,47),(999,14030410,18,0,86),(999,14030411,16,67,0),(999,14030411,18,88,0),(999,14030411,19,55,0),(999,14030411,16,67,0),(999,14030411,19,86,0),(999,14030412,18,11,0),(999,14030412,19,82,0),(999,14030412,17,19,0),(999,14030413,20,0,58),(999,14030413,21,0,69),(999,14030413,21,0,89),(999,14030414,22,0,36),(999,14030414,23,0,15),(999,14030414,24,0,94),(999,14030415,2,0,43),(999,14030415,1,0,4),(999,14030415,3,0,23),(999,14030416,6,0,43),(999,14030416,9,65,0),(999,14030416,7,68,0),(999,14030416,9,35,0),(999,14030417,9,25,0),(999,14030417,10,73,0),(999,14030417,11,25,0),(999,14030417,12,25,0),(999,14030417,13,86,0),(999,14030418,13,0,62),(999,14030418,14,0,44),(999,14030418,15,0,73),(999,14030418,13,0,62),(999,14030418,23,0,45),(999,14030419,13,0,62),(999,14030420,15,45,0),(999,14030420,16,46,0),(999,14030420,19,19,0),(999,14030420,15,45,0),(999,14030421,18,0,29),(999,14030421,19,0,46),(999,14030421,20,0,46),(999,14030421,21,0,69),(999,14030421,21,0,67),(999,14030421,23,0,96),(999,14030422,23,78,0),(999,14030422,24,89,0),(999,14030422,1,96,0),(999,14030422,3,56,0),(999,14030423,5,67,0),(999,14030423,6,23,0),(999,14030423,6,87,0),(999,14030424,7,0,56),(999,14030424,8,0,36),(999,14030424,9,0,47),(999,14030424,10,0,28),(999,14030424,11,0,52),(999,14030425,12,65,0),(999,14030425,16,38,0),(999,14030425,13,65,0),(999,14030425,13,68,0),(999,14030426,13,0,57),(999,14030426,14,0,87),(999,14030426,15,0,57),(999,14030426,16,0,45),(999,14030427,19,46,0),(999,14030427,20,78,0),(999,14030427,21,78,0),(999,14030427,22,66,0),(999,14030427,19,46,0),(999,14030428,22,0,66),(999,14030428,23,0,44),(999,14030428,22,0,66),(999,14030428,23,0,45),(999,14030428,24,0,36),(999,14030429,1,0,33),(999,14030429,2,0,23),(999,14030429,3,0,67),(999,14030429,4,0,83),(999,14030430,5,90,0),(999,14030430,6,78,0),(999,14030430,7,49,0),
(999,14030430,10,97,0)


